$ Femap Constraint Set 1 : ground
SPC1           1  123456       1
$ Femap Constraint Set 1 : ground
MPC            1     510       5      1.   45000       5     -1.        +       
+                  54000       0     -1.
GRID           1       0   .0635     .26      0.       0
GRID         100       0   .0635     .26      0.       0
GRID         200       0      0.      0.      0.       0
GRID         201       0      0..0472727      0.       0
GRID         202       0      0..0945455      0.       0
GRID         203       0      0..1418182      0.       0
GRID         204       0      0..1890909      0.       0
GRID         205       0      0..2363636      0.       0
GRID         206       0      0..2836364      0.       0
GRID         207       0      0..3309091      0.       0
GRID         208       0      0..3781818      0.       0
GRID         209       0      0..4254545      0.       0
GRID         210       0      0..4727273      0.       0
GRID         211       0      0.     .52      0.       0
GRID         300       0 .093237     .26      0.       0
GRID         400       0   .1855     .52      0.       0
GRID         401       0   .1855    .468      0.       0
GRID         402       0   .1855    .416      0.       0
GRID         403       0   .1855    .364      0.       0
GRID         404       0   .1855    .312      0.       0
GRID         405       0   .1855     .26      0.       0
GRID         406       0   .1855    .208      0.       0
GRID         407       0   .1855    .156      0.       0
GRID         408       0   .1855    .104      0.       0
GRID         409       0   .1855    .052      0.       0
GRID         410       0   .1855      0.      0.       0
GRID         500       0   .1955     .52      0.       0
GRID         501       0   .1955    .468      0.       0
GRID         502       0   .1955    .416      0.       0
GRID         503       0   .1955    .364      0.       0
GRID         504       0   .1955    .312      0.       0
GRID         505       0   .1955     .26      0.       0
GRID         506       0   .1955    .208      0.       0
GRID         507       0   .1955    .156      0.       0
GRID         508       0   .1955    .104      0.       0
GRID         509       0   .1955    .052      0.       0
GRID         510       0   .1955      0.      0.       0
GRID         600       0    .254      0.      0.       0
GRID         601       0    .254    .052      0.       0
GRID         602       0    .254    .104      0.       0
GRID         603       0    .254    .156      0.       0
GRID         604       0    .254    .208      0.       0
GRID         605       0    .254     .26      0.       0
GRID         606       0    .254    .312      0.       0
GRID         607       0    .254    .364      0.       0
GRID         608       0    .254    .416      0.       0
GRID         609       0    .254    .468      0.       0
GRID         610       0    .254     .52      0.       0
GRID         700       0 .201544     .26      0.       0
GRID       45000       0   .1955      0.      0.       0
SPOINT     54000                        
RBE2           1     100  123456     200     201     202     203     205+       
+            204     206     207     209     208     210     211     410+       
+            409     408     407     406     405     404     403     402+       
+            401     400     300
RBE2           2     410  123456   45000
RBE2           3     510  123456     509     508     507     506     505+       
+            504     503     502     501     500     610     609     608+       
+            607     606     605     604     603     602     601     600
RBE2           4     505  123456     700
RBE2           5   45000   12346     510
RBE2           6       1    1246     100
CELAS2         71465.776       1       3     100       3      0.        
CELAS2         8  19.396       1       5     100       5      0.        
CONM2         10     300       0  .62868      0.      0.      0.        +       
+             0.      0..0027575      0.      0.      0.
CONM2         11     700       0  .18597      0.      0.      0.        +       
+             0.      0.1.4704-4      0.      0.      0.
CONM2         12     100       0   .9497      0.      0.      0.                
$ Femap Aero Property 1 : dummy
PAERO1         1                                                        
$ Femap Aero Panel 1 : wing
CAERO1         1       1       0      24      12                       1+       
+             0.      0.      0.   .1855      0.     .52      0.   .1855
$ Femap Aero Panel 1001 : aileron
CAERO1      1001       1       0      24       6                       1+       
+          .1955      0.      0.   .0585   .1955     .52      0.   .0585
SET1           1     200     201     202     203     204     205     206+       
+            207     208     209     210     211     400     401     402+       
+            403     404     405     406     407     408     409     410
$ Femap Aero Spline 1 : Aero Spline
SPLINE1        1       1       1     288       1      0.     TPS    BOTH
SET1           2     500     501     502     503     504     505     506+       
+            507     508     509     510     600     601     602     603+       
+            604     605     606     607     608     609     610        
$ Femap Aero Spline 2 : elevator
SPLINE1        2    1001    1001    1144       2      0.     TPS    BOTH
AEROS           0       0.508   0.5     1.      0       0       0       
$-------2-------3-------4-------5-------6-------7-------8-------9-------10
NTRIM   1       0       0.1     0.      URDD1   0.      URDD2   0.     
        URDD3   0.      URDD4   0.      URDD5   0.      URDD6   0.
        ROLL    0.      PITCH   0.      YAW     0.      THRUST  0.
        BANK    0.      HEAD    0.      CLIMB   0.      SIDES   0.
        ANGLEA  5.
